m=1.2;g=9.8;l=0.25;Ix=0.0197;Iy=0.0197;Iz=0.0393;